기간	자치구	동	인구	면적	인구밀도
2017	합계	합계	10,124,579	605.24	16,728
2017	종로구	소계	164,257	23.91	6,869
2017	종로구	사직동	9,717	1.23	7,900
2017	종로구	삼청동	3,097	1.49	2,079
2017	종로구	부암동	10,726	2.27	4,725
2017	종로구	평창동	19,163	8.87	2,160
2017	종로구	무악동	8,375	0.36	23,264
2017	종로구	교남동	10,363	0.35	29,609
2017	종로구	가회동	4,657	0.54	8,624
2017	종로구	종로1.2.3.4가동	8,592	2.35	3,656
2017	종로구	종로5·6가동	5,690	0.6	9,483
2017	종로구	이화동	8,752	0.78	11,221
2017	종로구	창신1동	6,285	0.31	20,274
2017	종로구	창신2동	10,274	0.26	39,515
2017	종로구	창신3동	7,526	0.23	32,722
2017	종로구	숭인1동	6,865	0.23	29,848
2017	종로구	숭인2동	10,140	0.35	28,971
2017	종로구	청운효자동	13,606	2.57	5,294
2017	종로구	혜화동	20,429	1.12	18,240
2017	중구	소계	134,593	9.96	13,514
2017	중구	소공동	2,787	0.95	2,934
2017	중구	회현동	5,953	0.84	7,087
2017	중구	명동	3,469	0.99	3,504
2017	중구	필동	4,885	1.14	4,285
2017	중구	장충동	5,648	1.36	4,153
2017	중구	광희동	5,875	0.74	7,939
2017	중구	을지로동	1,786	0.6	2,977
2017	중구	신당5동	9,830	0.39	25,205
2017	중구	황학동	13,095	0.33	39,682
2017	중구	중림동	11,575	0.48	24,115
2017	중구	신당동	9,544	0.55	17,353
2017	중구	다산동	15,399	0.51	30,194
2017	중구	약수동	18,400	0.48	38,333
2017	중구	청구동	14,999	0.34	44,115
2017	중구	동화동	11,348	0.26	43,646
2017	용산구	소계	244,444	21.87	11,179
2017	용산구	후암동	18,846	0.86	21,914
2017	용산구	용산2가동	12,355	1.96	6,304
2017	용산구	남영동	8,585	1.19	7,214
2017	용산구	원효로2동	15,233	0.71	21,455
2017	용산구	효창동	9,594	0.44	21,805
2017	용산구	용문동	12,759	0.28	45,568
2017	용산구	이촌1동	28,960	2.86	10,126
2017	용산구	이촌2동	9,229	1.22	7,565
2017	용산구	이태원1동	8,791	0.57	15,423
2017	용산구	이태원2동	11,014	0.86	12,807
2017	용산구	서빙고동	14,274	2.8	5,098
2017	용산구	보광동	16,541	0.71	23,297
2017	용산구	청파동	21,233	0.91	23,333
2017	용산구	원효로1동	15,266	0.59	25,875
2017	용산구	한강로동	18,059	2.9	6,227
2017	용산구	한남동	23,705	3.01	7,875
2017	성동구	소계	312,711	16.86	18,551
2017	성동구	왕십리2동	18,185	0.41	44,354
2017	성동구	마장동	24,193	1.06	22,824
2017	성동구	사근동	12,812	1.11	11,542
2017	성동구	행당1동	14,387	0.59	24,385
2017	성동구	행당2동	25,423	0.42	60,531
2017	성동구	응봉동	16,696	0.57	29,291
2017	성동구	금호1가동	13,191	0.46	28,676
2017	성동구	금호4가동	14,452	0.84	17,205
2017	성동구	성수1가1동	17,676	1.98	8,927
2017	성동구	성수1가2동	16,413	0.89	18,442
2017	성동구	성수2가1동	18,783	1.18	15,918
2017	성동구	성수2가3동	12,056	1.03	11,705
2017	성동구	송정동	11,987	0.68	17,628
2017	성동구	용답동	16,687	2.32	7,193
2017	성동구	왕십리도선동	27,582	0.72	38,308
2017	성동구	금호2.3가동	24,735	0.64	38,648
2017	성동구	옥수동	27,453	1.95	14,078
2017	광진구	소계	372,298	17.06	21,819
2017	광진구	화양동	24,610	1.16	21,216
2017	광진구	군자동	21,980	0.74	29,703
2017	광진구	중곡1동	16,359	0.62	26,385
2017	광진구	중곡2동	22,808	0.55	41,469
2017	광진구	중곡3동	17,992	0.6	29,987
2017	광진구	중곡4동	31,618	2.32	13,628
2017	광진구	능동	11,838	1.1	10,762
2017	광진구	구의1동	23,396	0.56	41,779
2017	광진구	구의2동	25,936	1.39	18,659
2017	광진구	구의3동	30,483	1.02	29,885
2017	광진구	광장동	36,589	2.39	15,309
2017	광진구	자양1동	24,450	0.57	42,895
2017	광진구	자양2동	27,727	1.68	16,504
2017	광진구	자양3동	30,517	1.2	25,431
2017	광진구	자양4동	25,995	1.16	22,409
2017	동대문구	소계	366,011	14.22	25,748
2017	동대문구	회기동	12,521	0.76	16,475
2017	동대문구	휘경1동	14,589	0.63	23,157
2017	동대문구	휘경2동	25,205	1.05	24,005
2017	동대문구	청량리동	23,063	1.2	19,219
2017	동대문구	용신동	32,957	1.61	20,470
2017	동대문구	제기동	27,770	1.18	23,534
2017	동대문구	전농1동	29,916	1.19	25,139
2017	동대문구	전농2동	20,436	0.86	23,763
2017	동대문구	답십리1동	25,166	0.81	31,069
2017	동대문구	답십리2동	29,722	0.85	34,967
2017	동대문구	장안1동	39,593	1.25	31,674
2017	동대문구	장안2동	31,447	1.09	28,850
2017	동대문구	이문1동	31,172	1.04	29,973
2017	동대문구	이문2동	22,454	0.69	32,542
2017	중랑구	소계	412,780	18.5	22,318
2017	중랑구	면목2동	27,057	0.73	37,064
2017	중랑구	면목4동	21,098	1.11	19,007
2017	중랑구	면목5동	10,487	0.64	16,386
2017	중랑구	면목7동	22,707	0.87	26,100
2017	중랑구	상봉1동	25,960	0.85	30,541
2017	중랑구	상봉2동	18,645	0.68	27,419
2017	중랑구	중화1동	21,179	0.68	31,146
2017	중랑구	중화2동	28,723	0.98	29,309
2017	중랑구	묵1동	36,269	1.2	30,224
2017	중랑구	묵2동	20,443	0.7	29,204
2017	중랑구	망우3동	18,757	0.99	18,946
2017	중랑구	신내1동	41,561	2.53	16,427
2017	중랑구	신내2동	23,018	0.99	23,251
2017	중랑구	면목본동	36,780	1.01	36,416
2017	중랑구	면목3.8동	27,685	1.67	16,578
2017	중랑구	망우본동	32,411	2.88	11,254
2017	성북구	소계	455,407	24.57	18,533
2017	성북구	돈암1동	16,745	0.49	34,173
2017	성북구	돈암2동	25,269	0.48	52,644
2017	성북구	안암동	17,387	1.33	13,073
2017	성북구	보문동	17,260	0.56	30,821
2017	성북구	정릉1동	18,901	0.44	42,957
2017	성북구	정릉2동	24,495	1.17	20,936
2017	성북구	정릉3동	17,366	3.71	4,681
2017	성북구	정릉4동	27,423	3.13	8,761
2017	성북구	길음1동	37,797	0.79	47,844
2017	성북구	길음2동	12,345	0.58	21,284
2017	성북구	월곡1동	28,161	0.81	34,767
2017	성북구	월곡2동	20,823	1.36	15,311
2017	성북구	장위1동	21,336	0.7	30,480
2017	성북구	장위2동	18,517	0.67	27,637
2017	성북구	장위3동	12,336	0.65	18,978
2017	성북구	성북동	17,996	2.86	6,292
2017	성북구	삼선동	27,082	0.92	29,437
2017	성북구	동선동	16,614	0.73	22,759
2017	성북구	종암동	42,926	1.46	29,401
2017	성북구	석관동	34,628	1.73	20,016
2017	강북구	소계	328,002	23.6	13,898
2017	강북구	번1동	19,912	0.55	36,204
2017	강북구	번2동	17,937	1.25	14,350
2017	강북구	번3동	19,314	0.86	22,458
2017	강북구	수유1동	22,471	1.07	21,001
2017	강북구	수유2동	22,512	0.73	30,838
2017	강북구	수유3동	24,223	0.86	28,166
2017	강북구	삼양동	29,079	0.95	30,609
2017	강북구	미아동	23,431	0.73	32,097
2017	강북구	송중동	30,293	1.22	24,830
2017	강북구	송천동	29,970	0.88	34,057
2017	강북구	삼각산동	33,834	0.62	54,571
2017	강북구	우이동	21,897	10.95	2,000
2017	강북구	인수동	33,129	2.93	11,307
2017	도봉구	소계	346,234	20.67	16,752
2017	도봉구	쌍문1동	22,326	1.24	18,005
2017	도봉구	쌍문2동	20,627	0.54	38,198
2017	도봉구	쌍문3동	17,482	0.5	34,964
2017	도봉구	쌍문4동	20,480	0.52	39,385
2017	도봉구	방학1동	30,730	0.69	44,536
2017	도봉구	방학2동	22,304	0.74	30,141
2017	도봉구	방학3동	29,784	2.64	11,282
2017	도봉구	창1동	27,347	0.88	31,076
2017	도봉구	창2동	31,758	1.07	29,680
2017	도봉구	창3동	15,338	0.67	22,893
2017	도봉구	창4동	28,899	0.96	30,103
2017	도봉구	창5동	26,457	0.7	37,796
2017	도봉구	도봉1동	23,383	8.72	2,682
2017	도봉구	도봉2동	29,319	0.83	35,324
2017	노원구	소계	558,075	35.44	15,748
2017	노원구	월계1동	24,144	1.16	20,814
2017	노원구	월계2동	27,306	1.94	14,075
2017	노원구	월계3동	33,314	1.17	28,474
2017	노원구	공릉2동	41,895	6.82	6,143
2017	노원구	하계1동	29,899	1.55	19,290
2017	노원구	하계2동	24,393	0.51	47,829
2017	노원구	중계본동	27,449	1.97	13,934
2017	노원구	중계1동	28,828	0.63	45,759
2017	노원구	중계4동	22,098	1.7	12,999
2017	노원구	상계1동	41,695	5.62	7,419
2017	노원구	상계2동	21,926	0.61	35,944
2017	노원구	상계5동	27,048	0.44	61,473
2017	노원구	상계8동	25,143	0.67	37,527
2017	노원구	상계9동	22,854	0.81	28,215
2017	노원구	상계10동	17,446	0.8	21,808
2017	노원구	상계3.4동	27,742	5.62	4,936
2017	노원구	상계6.7동	36,103	1.11	32,525
2017	노원구	중계2.3동	38,764	0.9	43,071
2017	노원구	공릉1동	40,028	1.41	28,389
2017	은평구	소계	491,202	29.71	16,534
2017	은평구	녹번동	33,053	1.79	18,465
2017	은평구	불광1동	42,356	3.13	13,532
2017	은평구	갈현1동	25,591	0.97	26,382
2017	은평구	갈현2동	30,907	0.96	32,195
2017	은평구	구산동	33,819	1.38	24,507
2017	은평구	대조동	33,362	0.85	39,249
2017	은평구	응암1동	26,400	1.2	22,000
2017	은평구	응암2동	21,712	0.78	27,836
2017	은평구	신사1동	28,169	0.84	33,535
2017	은평구	신사2동	22,210	1	22,210
2017	은평구	증산동	16,924	0.81	20,894
2017	은평구	수색동	13,830	1.29	10,721
2017	은평구	진관동	55,569	11.53	4,820
2017	은평구	불광2동	30,208	1.38	21,890
2017	은평구	응암3동	26,639	0.63	42,284
2017	은평구	역촌동	50,453	1.16	43,494
2017	서대문구	소계	325,028	17.63	18,440
2017	서대문구	천연동	19,365	0.97	19,964
2017	서대문구	홍제1동	24,422	1.23	19,855
2017	서대문구	홍제3동	17,201	0.81	21,236
2017	서대문구	홍제2동	15,009	1.05	14,294
2017	서대문구	홍은1동	23,321	1.58	14,760
2017	서대문구	홍은2동	30,116	2.06	14,619
2017	서대문구	남가좌1동	17,266	0.51	33,855
2017	서대문구	남가좌2동	23,238	0.77	30,179
2017	서대문구	북가좌1동	19,779	0.52	38,037
2017	서대문구	북가좌2동	34,718	0.84	41,331
2017	서대문구	충현동	18,768	1.12	16,757
2017	서대문구	북아현동	17,688	0.46	38,452
2017	서대문구	신촌동	23,309	2.63	8,863
2017	서대문구	연희동	40,828	3.05	13,386
2017	마포구	소계	385,783	23.85	16,174
2017	마포구	용강동	22,525	0.84	26,815
2017	마포구	대흥동	13,891	0.88	15,785
2017	마포구	염리동	11,388	0.43	26,484
2017	마포구	신수동	21,847	0.78	28,009
2017	마포구	서교동	26,580	1.65	16,109
2017	마포구	합정동	19,893	1.69	11,771
2017	마포구	망원1동	21,790	1.14	19,114
2017	마포구	망원2동	20,017	0.67	29,876
2017	마포구	연남동	17,803	0.65	27,389
2017	마포구	성산1동	20,609	0.8	25,761
2017	마포구	성산2동	40,566	2.07	19,597
2017	마포구	상암동	33,417	8.4	3,978
2017	마포구	도화동	23,087	0.62	37,237
2017	마포구	서강동	26,120	1.45	18,014
2017	마포구	공덕동	40,669	1.01	40,266
2017	마포구	아현동	25,581	0.76	33,659
2017	양천구	소계	475,018	17.41	27,289
2017	양천구	목1동	32,698	1.41	23,190
2017	양천구	목2동	31,988	1.03	31,056
2017	양천구	목3동	22,212	0.53	41,909
2017	양천구	목4동	27,596	0.57	48,414
2017	양천구	신월1동	22,927	0.65	35,272
2017	양천구	신월2동	23,280	0.61	38,164
2017	양천구	신월3동	17,649	0.87	20,286
2017	양천구	신월4동	19,675	0.52	37,837
2017	양천구	신월5동	16,066	0.69	23,284
2017	양천구	신월6동	7,078	0.41	17,263
2017	양천구	신월7동	23,153	1.19	19,456
2017	양천구	신정1동	21,861	0.7	31,230
2017	양천구	신정2동	21,261	0.52	40,887
2017	양천구	신정3동	50,810	2.72	18,680
2017	양천구	신정6동	25,745	0.96	26,818
2017	양천구	신정7동	30,787	1.21	25,444
2017	양천구	목5동	43,749	1.81	24,171
2017	양천구	신정4동	36,483	1.01	36,122
2017	강서구	소계	608,255	41.44	14,679
2017	강서구	염창동	40,900	1.74	23,506
2017	강서구	등촌1동	23,531	0.59	39,883
2017	강서구	등촌2동	22,255	0.92	24,190
2017	강서구	등촌3동	34,205	0.79	43,297
2017	강서구	화곡본동	36,640	1.11	33,009
2017	강서구	화곡2동	20,413	0.47	43,432
2017	강서구	화곡3동	22,903	0.51	44,908
2017	강서구	화곡4동	23,141	0.82	28,221
2017	강서구	화곡6동	25,099	1.12	22,410
2017	강서구	화곡8동	27,097	0.53	51,126
2017	강서구	가양1동	32,636	4.7	6,944
2017	강서구	가양2동	16,246	1	16,246
2017	강서구	가양3동	16,771	0.99	16,940
2017	강서구	발산1동	39,414	2.96	13,316
2017	강서구	공항동	28,554	10.87	2,627
2017	강서구	방화1동	46,694	1.04	44,898
2017	강서구	방화2동	24,731	6.41	3,858
2017	강서구	방화3동	25,417	2.38	10,679
2017	강서구	화곡1동	54,795	1.12	48,924
2017	강서구	우장산동	46,813	1.36	34,421
2017	구로구	소계	441,559	20.12	21,946
2017	구로구	신도림동	37,861	1.47	25,756
2017	구로구	구로1동	22,359	1.02	21,921
2017	구로구	구로3동	27,620	1.02	27,078
2017	구로구	구로4동	27,538	0.46	59,865
2017	구로구	구로5동	34,370	1.03	33,369
2017	구로구	고척1동	24,911	1.16	21,475
2017	구로구	고척2동	30,206	1.02	29,614
2017	구로구	개봉2동	34,293	0.8	42,866
2017	구로구	개봉3동	22,267	0.81	27,490
2017	구로구	오류1동	21,547	0.59	36,520
2017	구로구	오류2동	45,505	4.6	9,892
2017	구로구	수궁동	25,851	2.67	9,682
2017	구로구	가리봉동	16,207	0.4	40,518
2017	구로구	구로2동	35,893	1.76	20,394
2017	구로구	개봉1동	35,131	1.31	26,818
2017	금천구	소계	253,491	13.02	19,469
2017	금천구	가산동	23,274	2.52	9,236
2017	금천구	독산1동	39,421	2.09	18,862
2017	금천구	독산2동	22,670	0.6	37,783
2017	금천구	독산3동	30,584	0.92	33,243
2017	금천구	독산4동	18,996	0.59	32,197
2017	금천구	시흥1동	37,640	1.71	22,012
2017	금천구	시흥2동	23,761	1.26	18,858
2017	금천구	시흥3동	12,065	1.07	11,276
2017	금천구	시흥4동	23,203	0.87	26,670
2017	금천구	시흥5동	21,877	1.39	15,739
2017	영등포구	소계	402,024	24.55	16,377
2017	영등포구	여의동	33,718	8.41	4,009
2017	영등포구	당산1동	21,261	0.75	28,348
2017	영등포구	당산2동	35,684	1.55	23,022
2017	영등포구	양평1동	17,194	0.88	19,539
2017	영등포구	양평2동	22,769	3	7,590
2017	영등포구	신길1동	20,494	0.66	31,052
2017	영등포구	신길3동	17,780	0.48	37,042
2017	영등포구	신길4동	10,712	0.35	30,606
2017	영등포구	신길5동	13,079	0.47	27,828
2017	영등포구	신길6동	20,019	0.68	29,440
2017	영등포구	신길7동	17,292	0.64	27,019
2017	영등포구	대림1동	16,843	0.49	34,373
2017	영등포구	대림2동	21,811	0.55	39,656
2017	영등포구	대림3동	29,654	1	29,654
2017	영등포구	영등포본동	25,703	1.02	25,199
2017	영등포구	영등포동	24,055	1.26	19,091
2017	영등포구	도림동	22,274	0.89	25,027
2017	영등포구	문래동	31,682	1.49	21,263
2017	동작구	소계	408,493	16.35	24,978
2017	동작구	노량진2동	14,585	0.64	22,789
2017	동작구	상도1동	48,471	1.51	32,100
2017	동작구	상도2동	27,549	0.98	28,111
2017	동작구	상도3동	26,304	0.6	43,840
2017	동작구	상도4동	30,357	0.75	40,476
2017	동작구	사당1동	23,872	0.79	30,218
2017	동작구	사당3동	24,967	0.92	27,138
2017	동작구	사당4동	14,940	0.38	39,316
2017	동작구	사당5동	13,316	0.57	23,361
2017	동작구	대방동	40,684	1.55	26,248
2017	동작구	신대방1동	27,427	0.62	44,237
2017	동작구	신대방2동	20,867	1.03	20,259
2017	동작구	흑석동	33,532	1.68	19,960
2017	동작구	노량진1동	32,784	1.58	20,749
2017	동작구	사당2동	28,838	2.75	10,487
2017	관악구	소계	520,929	29.57	17,617
2017	관악구	보라매동	26,484	0.76	34,847
2017	관악구	청림동	16,695	0.3	55,650
2017	관악구	행운동	30,399	0.72	42,221
2017	관악구	낙성대동	17,882	2.27	7,878
2017	관악구	중앙동	15,506	0.39	39,759
2017	관악구	인헌동	27,748	1.08	25,693
2017	관악구	남현동	19,022	3.27	5,817
2017	관악구	서원동	23,542	0.65	36,218
2017	관악구	신원동	19,940	0.55	36,255
2017	관악구	서림동	25,264	0.99	25,519
2017	관악구	신사동	26,229	0.64	40,983
2017	관악구	신림동	21,470	0.54	39,759
2017	관악구	난향동	16,871	0.8	21,089
2017	관악구	조원동	19,952	0.67	29,779
2017	관악구	대학동	24,589	8.3	2,963
2017	관악구	은천동	35,985	0.78	46,135
2017	관악구	성현동	33,453	0.68	49,196
2017	관악구	청룡동	29,457	1.18	24,964
2017	관악구	난곡동	30,094	0.96	31,348
2017	관악구	삼성동	26,826	2.66	10,085
2017	관악구	미성동	33,521	1.38	24,291
2017	서초구	소계	445,401	46.99	9,480
2017	서초구	서초1동	21,532	1.42	15,163
2017	서초구	서초2동	16,766	1.24	13,521
2017	서초구	서초3동	30,439	2.93	10,389
2017	서초구	서초4동	31,285	0.88	35,551
2017	서초구	잠원동	34,940	1.76	19,852
2017	서초구	반포본동	12,826	1.01	12,699
2017	서초구	반포1동	28,665	1	28,665
2017	서초구	반포2동	24,506	1.35	18,153
2017	서초구	반포3동	18,721	1.28	14,626
2017	서초구	반포4동	20,443	1.43	14,296
2017	서초구	방배본동	21,805	0.67	32,545
2017	서초구	방배1동	17,293	0.7	24,704
2017	서초구	방배2동	27,221	1.93	14,104
2017	서초구	방배3동	22,584	2.4	9,410
2017	서초구	방배4동	26,392	0.98	26,931
2017	서초구	양재1동	47,275	5.76	8,207
2017	서초구	양재2동	23,836	7.58	3,145
2017	서초구	내곡동	18,872	12.68	1,488
2017	강남구	소계	561,052	39.5	14,203
2017	강남구	신사동	18,105	1.89	9,579
2017	강남구	논현1동	24,186	1.25	19,349
2017	강남구	논현2동	22,573	1.47	15,356
2017	강남구	삼성1동	15,193	1.94	7,831
2017	강남구	삼성2동	29,628	1.24	23,894
2017	강남구	대치1동	25,262	0.79	31,977
2017	강남구	대치4동	21,193	0.73	29,032
2017	강남구	역삼1동	36,534	2.35	15,546
2017	강남구	역삼2동	37,103	1.15	32,263
2017	강남구	도곡1동	22,882	1.02	22,433
2017	강남구	도곡2동	34,884	1.02	34,200
2017	강남구	개포1동	20,111	1.27	15,835
2017	강남구	개포4동	18,525	1.49	12,433
2017	강남구	일원본동	25,027	2.58	9,700
2017	강남구	일원1동	17,108	0.92	18,596
2017	강남구	일원2동	16,467	1.24	13,280
2017	강남구	수서동	16,787	1.43	11,739
2017	강남구	세곡동	44,921	6.36	7,063
2017	강남구	압구정동	28,050	2.53	11,087
2017	강남구	청담동	30,269	2.33	12,991
2017	강남구	대치2동	41,566	2	20,783
2017	강남구	개포2동	14,678	2.51	5,848
2017	송파구	소계	671,173	33.87	19,813
2017	송파구	풍납1동	16,996	0.77	22,073
2017	송파구	풍납2동	25,386	1.59	15,966
2017	송파구	거여1동	13,466	0.51	26,404
2017	송파구	거여2동	17,915	0.53	33,802
2017	송파구	마천1동	22,047	0.58	38,012
2017	송파구	마천2동	20,857	0.89	23,435
2017	송파구	방이1동	16,758	0.5	33,516
2017	송파구	방이2동	25,600	0.8	32,000
2017	송파구	오륜동	19,562	3.17	6,171
2017	송파구	오금동	38,091	1.65	23,085
2017	송파구	송파1동	26,318	0.79	33,314
2017	송파구	송파2동	21,474	0.53	40,517
2017	송파구	석촌동	34,670	0.95	36,495
2017	송파구	삼전동	33,624	0.95	35,394
2017	송파구	가락본동	28,251	1.13	25,001
2017	송파구	가락1동	905	1.34	675
2017	송파구	가락2동	34,681	0.96	36,126
2017	송파구	문정1동	21,608	0.56	38,586
2017	송파구	문정2동	27,540	2.2	12,518
2017	송파구	장지동	35,217	1.37	25,706
2017	송파구	위례동	28,253	2.55	11,080
2017	송파구	잠실본동	29,897	0.94	31,805
2017	송파구	잠실4동	30,430	1.56	19,506
2017	송파구	잠실6동	17,430	2.79	6,247
2017	송파구	잠실7동	10,444	0.6	17,407
2017	송파구	잠실2동	36,983	2.18	16,965
2017	송파구	잠실3동	36,770	1.49	24,678
2017	강동구	소계	440,359	24.59	17,909
2017	강동구	강일동	33,676	2.8	12,027
2017	강동구	상일동	9,894	2.65	3,734
2017	강동구	명일1동	22,609	0.61	37,064
2017	강동구	명일2동	18,210	0.97	18,773
2017	강동구	고덕1동	27,602	1.73	15,955
2017	강동구	고덕2동	8,232	2.01	4,096
2017	강동구	암사2동	14,991	1.18	12,704
2017	강동구	암사3동	19,028	2.51	7,581
2017	강동구	천호1동	29,748	0.71	41,899
2017	강동구	천호3동	28,193	0.79	35,687
2017	강동구	성내1동	21,208	0.58	36,566
2017	강동구	성내2동	25,967	0.67	38,757
2017	강동구	성내3동	24,536	0.71	34,558
2017	강동구	둔촌1동	1,997	0.92	2,171
2017	강동구	둔촌2동	28,920	0.98	29,510
2017	강동구	암사1동	38,434	1.02	37,680
2017	강동구	천호2동	36,691	1.57	23,370
2017	강동구	길동	50,423	2.17	23,236